251.5	60.9	6.09	28.4	12963	64	4.46	100.1	26.1	21.5	79	8	22.022	22.5	137.3	81.4	6.05	0.3523	46.1	74.2	61.5	0	171.699997	10.1	32913	59.5	4.15	0.3762	38.5
252.6	61.1	6.26	28.6	13258	63.9	4.9	99.7	26.4	22.1	77.6	7.75	21.882	22.7	135.6	80.6	6.29	0.3525	46.4	75.8	64.6	0	169.199997	10.2	34433	59.4	5.43	0.3766	39.2
254.8	61.3	6.36	28.8	13415	63.7	5.18	100.5	26.5	22.4	81.6	8	22.676	22.9	131.1	81.8	6.35	0.3663	46.7	78.2	66.1	0	170.799988	10.4	34053	60	5.43	0.3774	39.9
256.9	61.8	7.19	29	13426	64.4	5.48	100.2	26.8	22.4	80.3	7.25	24.361	23.1	132.5	81.1	7.19	0.4124	47	80.3	67.9	0	171.199997	10.5	34553	60.6	5.43	0.3769	40
257.9	62.2	8.01	29.1	13691	65.5	5.74	99.8	27.1	22.3	81.6	8.25	24.225	23.3	131.2	78.7	8.02	0.4252	47.2	81.5	68.6	0	171	10.5	35012	59.8	5.55	0.3796	40.2
258.1	62.2	8.67	29.6	13729	63.5	6.18	99.5	27.4	22.6	81.6	8.88	23.121	23.4	129.5	82.7	8.67	0.406	47.2	81.4	70.8	0	176.599991	10.6	35169	61.6	5.55	0.3769	40.6
258	62.6	8.29	29.7	13874	64.1	6.5	99.4	27.5	22.7	80.3	10	23.529	23.6	129.9	81.6	8.48	0.414	47.2	83.3	70.6	0	177.299988	10.7	36169	60.7	5.55	0.3764	41.7
259.1	62.9	7.22	29.9	14018	65.1	6.53	100.1	27.6	22.9	81	10.63	23.518	23.9	130.1	81.1	7.16	0.4091	47.5	84.5	69.3	0	175.199997	10.8	36270	61.6	5.8	0.3748	41.9
260.9	62.9	7.83	30.1	14040	66	6.43	100	27.8	22.6	82.3	10.63	22.262	24.1	131.5	81.2	7.87	0.3819	48.1	86	69.7	0	165.5	10.9	36226	62.3	5.8	0.3571	42.2
262.7	61.9	7.45	30.3	14087	66	6.35	100.4	28	23.3	79.6	10.63	21.24	24.3	134.6	79.7	7.36	0.37	48.5	93.3	70.6	0	164.5	11	36329	62.3	5.8	0.3571	43.6
263.6	61	7.77	30.6	14273	67.2	6.22	101.2	28.2	23.4	83	12	19.608	24.7	133.4	81.1	7.76	0.3594	48.9	90.2	71.3	15.32	151.399994	11.2	36870	62.5	6.83	0.3344	45.5
265.1	60.8	7.12	31	14348	67.5	6.07	103.2	28.5	23.6	83	10.88	20.764	25	135	81.2	7.06	0.3749	49.3	90.8	69.5	15.32	154.699997	11.5	37349	62.5	6.83	0.3477	46.9
266.5	61.1	7.96	31.4	14489	67.5	6.51	102.8	28.8	24	81.6	10.63	20.991	25.3	136.2	80.1	7.99	0.3964	49.4	92.1	72	15.32	160.699997	11.8	37413	61	6.83	0.3623	47.2
267	61	8.33	31.5	15023	66.6	7.64	104.1	29	24.1	83	10.5	20.513	25.7	137	80.4	8.23	0.4087	49.8	93.7	71.9	15.32	158.199997	11.9	37724	59.7	6.83	0.3575	48.4
267.4	61.7	8.23	31.9	15297	67.8	8.63	104	29.6	24.1	84.3	10.75	20.363	26	137.6	81.1	8.43	0.3954	50	94.4	71	15.32	155.199997	12.1	38476	59.8	6.83	0.3547	48.6
268.6	61.9	7.9	32.2	14881	66.9	8.75	102.9	29.8	24.3	83	12	20.734	26.3	139.6	80	8.15	0.3914	50.2	95.9	72.1	15.32	154.399994	12.3	39573	58.3	6.83	0.352	48.9
269.7	61.6	7.55	32.4	14818	66.5	9.1	102.1	30	24.5	84.9	12	21.304	26.6	141.2	80.2	7.75	0.3865	50.4	96.1	69.5	15.32	154.899994	12.5	39585	57.7	6.83	0.3358	49.8
270.5	61.4	8.96	32.8	14778	66	9.11	101.3	30.4	24.6	84.9	11.88	20.73	26.8	141.9	78	8.74	0.3754	50.5	95.5	70.9	15.32	151.299988	12.8	39708	56.9	6.83	0.3304	50.4
271.3	61.6	8.06	33.2	14848	65.9	8.94	101.4	30.6	24.7	81	11.88	21.093	27.1	142	78.1	8.36	0.377	50.5	96	69.8	15.32	151.399994	13.1	39858	56.3	6.83	0.335	51.1
272.4	61.2	7.46	33.5	14813	66.2	8.31	101.6	30.9	25.1	81	11.63	21.299	27.4	142.3	77.7	7.24	0.3876	50.9	96.6	66.4	15.32	149.799988	13.4	40197	55.1	6.83	0.3335	52.2
273.6	59.4	7.47	33.8	14917	65	7.49	101.3	31.2	25.9	78.3	11	21.587	27.7	146.2	77.1	7.59	0.4037	51.3	96.9	66.3	15.32	150.5	13.6	41007	54.2	6.83	0.3332	52.6
274	57	7.15	34.1	14963	64.6	7.12	100.9	31.5	25.9	76.3	10.88	22.5	27.9	148.5	73.4	7.18	0.415	51.3	100.1	62.6	15.32	154	13.8	41401	53.1	6.83	0.3323	52.8
273.7	55.5	6.26	34.2	15353	62.5	6.4	100.1	31.6	26	75.7	10.75	23.128	28.3	149.2	74.2	6.49	0.4272	51.8	99.2	62.8	14.13	156.299988	13.9	41917	51	6.83	0.3357	53.4
274.8	54.6	5.5	34.5	15783	62.7	6.26	100.2	31.9	26.1	75.7	9.75	23.991	28.5	149.5	73.7	5.58	0.4377	52.1	97.7	64	14.13	159.199997	14.1	42358	50.6	6.83	0.3489	53.5
276.2	53.6	5.49	34.6	16245	61.9	6.33	99.7	32	26.4	74.3	8.63	23.722	28.7	152.9	73.5	5.54	0.4264	52.4	96	63.8	12.26	158.199997	14.1	42365	49.9	6.83	0.3404	53.9
275.9	54.1	5.61	34.7	16243	62.5	6.85	98.1	32.2	26.3	74.3	8	24.173	28.9	154.7	72.8	5.69	0.4205	52.8	93.2	61.8	11.8	157.899994	14.3	43160	51	6.83	0.3409	54.9
279.1	53.9	5.23	34.9	16389	61.2	6.87	97.8	32.5	26.7	72.3	7.38	24.713	29.2	156.7	72.5	5.32	0.4262	53.1	94	62.5	11.34	159.899994	14.5	43392	51	6.83	0.3432	55.2
282.7	54.6	5.34	35.2	16576	62	6.99	97	32.9	27.3	74.3	7.13	24.753	29.4	158.6	72.7	5.19	0.4247	53.5	97	62.8	11.34	158.599991	14.6	43555	51.6	6.31	0.3374	55.2
284.3	55	6.13	35.6	16747	62.7	7.44	96.9	33.4	27.7	73.7	7.1	22.857	29.6	159.6	71.5	6.16	0.3881	53.5	99	62.3	10.88	150.299988	14.6	43974	52.2	6.31	0.3363	55.3
284.7	55.9	6.44	35.6	17063	62.4	7.87	96.9	33.7	28.2	73.7	7	22.729	29.8	162.1	73.5	6.46	0.3869	53.4	99.7	62.6	10.43	149.5	14.7	44696	52.1	6.06	0.3357	55.2
286	56.5	6.42	35.8	17188	62.7	8.41	97.5	33.8	28.7	74.3	6.8	22.047	30	166	73.5	6.38	0.3757	53.7	102.1	61.9	10.43	145.5	14.8	44744	52.6	6.06	0.3304	56.4
285.4	56.8	5.96	36	17440	61.7	8.16	98.3	34.1	28.9	75.7	6.6	22.975	30.3	166.7	75	6.08	0.3914	53.8	102.8	63.2	10.43	148.599991	15	45077	52.7	5.68	0.3313	57.3
286.6	57.3	5.48	36.3	18419	63.4	8.52	99	34.3	29.5	75	6.63	22.415	30.4	168.3	75.7	5.47	0.3806	53.9	103.8	64.9	10.43	146.099991	15.2	44703	51.8	5.68	0.33	57
286.8	57.8	5.44	36.4	18241	64.4	8.64	98.4	34.4	30.2	79	6.38	22.294	30.6	170.7	75.7	5.5	0.3813	54.1	115.6	64.3	10.43	146.299988	15.3	46048	53	5.68	0.3277	57
288.2	58.4	4.87	36.5	17829	64	8.59	99.9	34.6	30.5	79	6.88	22.337	31	170.4	77.1	4.96	0.3855	54.5	115.7	65.9	10.43	133.099991	15.5	46894	53.8	5.68	0.3293	58.1
290.5	59.5	4.88	36.6	17956	64.4	8.79	101.6	34.8	30.8	79	7.63	22.279	31.2	169.6	78.2	4.85	0.3899	54.9	117	66.5	10.43	130.399994	15.8	47693	55.1	5.68	0.3309	58.5
292.5	59.3	5	36.7	17833	65.5	9.07	101.6	34.9	31	79.6	7.5	21.418	31.4	171.2	78	5.05	0.394	55.1	119	67	16.28	119	16.1	48068	56.1	5.68	0.3337	58.7
294.4	59.5	4.86	36.8	17888	66.2	8.99	102.2	35	31.5	81	7.5	21.455	31.7	173.4	78.3	4.88	0.3943	55.3	120	67.6	17.74	111.5	16.5	48539	56.9	5.68	0.334	60.1
295.8	60.2	5.2	37.1	17953	67.1	8.94	102.2	35.3	31.8	81	7.63	21.136	31.9	175.1	79	5.19	0.3854	55.4	122.1	72.2	18.23	118.5	16.9	49181	56.6	5.68	0.3334	60.3
296.4	60.3	5.41	37.3	18088	65.9	8.98	103.2	35.5	31.9	81	7.63	21.096	32.1	179.2	79.8	5.44	0.3885	55.5	122.4	72.5	18.23	119	16.9	50015	57.7	5.68	0.3362	60.4
297.9	60.6	5.23	37.5	18169	66.2	9.07	102.5	35.7	32.2	83	7.82	20.328	32.4	178.4	77.4	5.28	0.3932	55.4	123.7	73.2	17.74	119.699997	17	50010	58.2	5.68	0.3408	60.8
299.7	61	5.14	37.7	18292	66.6	9.13	101.9	35.8	32.4	83	9.38	20.326	32.6	179.3	79.3	5.15	0.3957	55.6	123	70.6	17.98	118.899994	17.2	50486	58.4	5.68	0.3463	60.4
300	61.2	5.08	37.8	18349	66.5	9.11	102.8	36	32.3	85.6	9.38	20.297	32.9	179.4	80	5.08	0.4104	55.7	124.8	72.8	17.98	116.299988	17.5	50812	58.3	5.68	0.3479	61.9
302.1	61.4	4.92	38	18419	65.3	9.01	102.9	36.2	32.8	81.6	9.88	20.008	33.3	180.5	80.4	4.93	0.4158	55.8	127.6	74	18.23	115.699997	18	51575	58.3	5.68	0.3405	62.2
303.4	62.4	4.35	38.1	18566	66.7	8.59	96.6	36.4	32.8	83.6	10.38	20.028	33.5	180.1	80.1	4.81	0.4158	55.9	129.7	74.4	17.98	115.5	18.4	51650	59.1	5.68	0.3381	62.2
305.9	62.9	4.35	38.2	18540	66.8	8.14	99.1	36.5	32.6	81.6	9.88	20.122	33.6	177.8	80.8	4.35	0.4233	56.1	139.1	74.2	17.74	114.299988	18.4	52032	59.4	5.68	0.3415	63
307.9	63.2	4.62	38.4	18760	67.7	8.04	98	36.8	33.1	85.6	9.88	20.098	33.7	181.4	81.1	4.6	0.413	56.7	138.3	75.6	17	113.399994	18.7	52259	59.8	5.68	0.3457	63.6
311.2	63.3	4.67	38.8	18854	66.5	7.65	95.6	37	33.3	84.3	10.13	20.052	34	182.6	80.9	4.66	0.4176	57	138.6	74.2	17	113.099991	19	52354	59	5.68	0.3537	63.9
313.6	64	4.53	39	19213	67	7.54	94.6	37.5	33.3	84.9	9.63	20.124	34.3	184.5	81.4	4.61	0.4186	57.1	140.7	72.4	18.23	112.699997	19.3	52437	59.8	5.55	0.3604	64.3
315.7	64.9	4.7	39.4	19343	66.3	7.58	95.5	37.7	33.8	83	9.25	20.166	34.7	186.4	80.2	4.54	0.4239	57.3	143	73.9	16.28	112.799988	19.5	52164	59.5	4.91	0.3601	65.3
317	65.6	5.01	39.6	19511	67.3	7.05	95.2	38.1	34.3	82.3	9.13	20.216	35.1	186.7	79.7	4.94	0.4244	57.5	144.7	71.9	16.76	112.899994	19.7	51035	59.3	4.91	0.3606	65.9
319	66.1	4.97	39.8	19796	67.9	7.07	94.4	38.3	33.8	84.9	9	20.328	35.3	189.6	81.5	5	0.4277	57.8	146.3	69.7	15.32	113	19.9	52498	59.7	4.91	0.3736	65.7
321	66.1	5.38	40	19751	67.2	7.14	93.6	38.7	34.7	83.6	8.63	20.488	35.6	192.7	78.6	5.15	0.4371	57.7	150.5	71.3	14.6	113.399994	20	53128	58.6	4.91	0.3759	65.5
323	66.4	5.56	40.2	19869	67.8	7.14	93	38.8	35	83.6	8.44	20.385	35.8	193.6	81.1	5.5	0.4307	57.7	149	71.9	14.13	113.399994	20.2	53487	59.8	4.91	0.3741	65.6
324.9	66.7	5.89	40.3	20034	67.5	7.1	93.2	39.1	35.1	83.6	8.13	20.395	36.1	196.3	81.3	5.77	0.4334	57.8	151.5	70.4	12.49	113.299988	20.4	54017	59.8	4.15	0.3767	66.6
326.4	66.6	6.14	40.4	20159	67.7	7.24	90.2	39.4	35.5	81.6	8.25	20.623	36.4	196.6	81.3	6.19	0.4439	57.8	155	70.9	12.49	113.699997	20.7	54423	59.4	4.15	0.399	67.1
328.4	66.6	6.03	40.6	20435	68.1	7.26	90.3	39.6	35.5	83.6	8.63	20.583	36.6	199	81	6.16	0.4489	57.8	154.4	68.7	11.8	113.899994	20.9	54931	60.6	4.15	0.407	66.4
330.5	66.3	6.14	40.8	20799	68.1	7.17	91.4	39.9	36.4	81.6	9	21.254	36.7	197.7	83.2	6.06	0.4751	58	168.8	69.4	11.8	114.699997	21	55666	61	4.15	0.4167	66.2
334.1	66.1	6.39	41	20923	67.9	7.13	90.3	40.1	37.7	83.6	8.88	21.131	36.8	206	83.9	6.45	0.4735	58.5	167.6	69.5	11.8	115.299988	21.2	55982	61.6	4.15	0.4143	66.4
335	66.1	6.39	41.3	21060	68.7	7.3	89.7	40.4	37.8	83.6	10.5	20.984	37.1	207.2	80.2	6.46	0.4912	58.6	170.2	70.1	11.8	117.199997	21.4	56214	61.1	4.15	0.4189	66.8
336.6	66.8	6.47	41.6	21006	68.9	7.73	88.3	40.8	38.1	84.9	9	21.832	37.4	210.2	79.4	6.32	0.4943	58.8	174	70	12.26	117.299988	21.7	56537	62.5	3.39	0.4496	67.4
339.6	69.1	6.34	41.9	21189	69.9	8.19	88.4	40.9	38.2	87.6	8.5	21.683	37.8	211.7	81	6.31	0.4836	59.1	177.4	71.9	11.57	115.299988	21.9	56112	62.5	3.39	0.4486	68.1
344.7	69.1	6.64	42.3	21483	68.7	8.2	89	41.5	38.2	85.6	8.25	21.706	38.2	213.6	80.9	6.43	0.476	59.1	180.1	71.3	11.8	115.399994	22.1	56787	62.7	3.39	0.4476	68.5
347.1	69.9	7	42.8	21735	70.1	8.26	88.9	41.8	38.4	83.6	7.88	22.215	38.5	214.9	80.5	6.71	0.4819	59.3	183.3	73	11.34	117	22.3	58373	63	3.39	0.4885	68.2
348.5	70.1	6.71	43.1	21926	69.7	8.66	88.4	42.4	39.2	84.3	7.44	22.868	39	216.7	82.5	7.07	0.4899	59.2	187.2	74	11.57	118.799988	22.4	59184	63.4	3.39	0.5244	68.5
350.4	70.3	7.53	43.3	22096	69.7	8.8	86.9	42.5	39.7	84.3	7.63	22.973	39.2	219.8	83.1	7.04	0.5034	59.1	185.8	73.8	11.34	119.699997	22.5	59725	64.3	3.39	0.5258	68.6
352.7	70.6	7.77	43.6	22346	71.9	9.17	84.5	42.4	40	85.6	7.5	23.089	39.5	221	84.8	7.84	0.5158	59.1	190.9	74.4	10.88	121.399994	22.9	60302	64.8	3.39	0.5287	69.3
353.4	71	8.73	44	22764	71.7	9.85	85.7	42.9	40.5	85.6	7.5	25.078	39.8	223.9	83.5	8.13	0.5758	59.1	192.9	74.9	11.11	126.699997	23.1	60710	64.9	3.39	0.5682	69.5
355.1	71.4	8.99	44.2	23055	71.9	10.36	85.4	43.2	40.9	86.3	6.88	22.668	40	223.9	84.2	8.79	0.5199	59.3	194.9	75	10.88	117.799988	23.3	61283	65.2	3.39	0.5063	68.8
356.9	71.6	9.19	44.4	22585	73.2	10.46	84.3	43.3	41.5	87.6	7.13	23.923	40.2	225.3	85.8	9.12	0.547	59.5	216.2	78.6	10.61	120.5	23.5	61592	65.9	3.39	0.5139	68.7
358.2	71.3	9.29	44.8	22541	73.4	10.78	83.3	43.6	42.1	86.3	7.1	23.395	40.6	228.6	82.8	9.35	0.5372	60.1	208.3	74.1	10.52	118.899994	23.8	62361	65.7	3.39	0.4968	68.8
359.6	71.8	9.42	45.3	22760	73.6	10.76	83.8	44	42.3	86.9	7.25	23.425	40.9	230.4	83.3	9.27	0.5401	60.3	212.9	75.9	10.65	119	24.2	62592	65.6	3.39	0.4946	68.6
362.1	72	9.41	45.8	22467	73.8	10.92	86.2	44.5	42.9	88.3	7.25	23.272	41.2	231.7	84.3	9.46	0.5354	60.6	214.8	75.9	10.6	119.099991	24.5	62705	66.3	3.39	0.4778	69.2
367.7	71.3	9.53	46.3	22809	73.3	10.82	87.5	44.9	43.3	86.3	7.25	22.868	41.6	231.4	86.6	9.49	0.5258	60.9	219.1	75.6	10.65	118	24.8	64704	66.5	4.15	0.4577	70.1
369.4	72.2	9.58	46.9	23307	74.9	10.84	86.2	45.3	43.5	88.9	8.5	22.63	42.1	232.2	86.6	9.59	0.5238	61.1	221.9	75	10.55	117	25.1	65682	68	4.15	0.455	70.7
373.6	72.2	8.93	47.4	23705	74	10.78	85.6	45.6	44.2	88.9	8.75	23.337	42.4	232.3	87.9	9.05	0.5411	61.4	223.6	75.4	10.3	120.099991	25.3	64809	68.2	4.15	0.4608	70.8
378.1	71.7	9.15	48	23805	74.9	11.24	85.5	46	44.8	92.2	10.5	23.397	43	232.8	88.6	9.26	0.5442	61.8	230.9	74.4	10.4	121.5	25.5	65284	68.7	4.15	0.4604	71.4
379.7	71.4	9.74	48.4	23964	75	11.45	85.8	46.1	44.8	92.2	10.5	23.463	43.4	234.2	86.9	9.45	0.5471	61.8	231.5	80.8	10.35	122.399994	25.8	66033	69.8	5.17	0.4545	70.7
379.7	71.4	10.18	49	24098	75.4	11.64	86.2	46.4	45	90.3	11.75	24.387	43.8	233.3	87.6	10.18	0.5739	62.1	234.2	81.9	10.7	124.699997	26.5	65596	68.5	5.17	0.4478	71.6
380.9	71.7	12.02	49.3	24178	75	13.66	84.4	46.8	45.4	88.9	11.7	23.607	44.3	234.3	86.5	11.47	0.5535	62.2	242.4	81.2	11.8	120	27	65837	69.9	5.17	0.4207	72.5
380.5	71.4	11.85	49.8	24123	74.8	13.62	85.4	47.3	45.4	88.9	12.5	24.57	44.6	234.5	88.5	11.87	0.578	62.5	246.8	81.4	12.83	122.699997	27.4	66136	70.7	5.17	0.4019	72.2
381.4	71.2	12.36	50.3	23511	73.8	13.66	85.6	47.5	46.3	89.6	12.63	24.876	45	233.7	89.6	12.07	0.5775	62.7	267.5	83.2	15.67	124.399994	27.9	66311	70.5	5.68	0.4172	72.7
385.4	71.6	11.92	51.1	24247	75.2	13.5	86.3	47.8	46.7	89.2	12.63	24.564	45.8	231.3	88.8	12.04	0.5749	63.1	254.3	82.1	15.3	123.799988	28.8	66656	71	5.68	0.4188	73.4
389.7	71.6	14.63	51.8	24347	74.2	13.55	87.4	48.3	46.1	88.6	13.2	24.078	46.3	234.6	90	12.81	0.5642	63.8	253.7	83	16.03	121.799988	29.3	67141	73.6	5.68	0.4003	74
388.1	71.6	14.35	52.6	24515	75.3	15.24	83.9	48.6	46.5	88.8	13.25	22.329	46.9	233.1	88.9	15.53	0.515	64.1	257.6	85.1	15.84	111.299988	29.6	67657	71.6	5.68	0.4005	74.4
383.4	70.2	10.68	53.2	24326	73.8	15.42	84.2	49	47.1	88.9	12.75	23.79	47.4	234.5	87.8	14	0.5551	64.4	261	84.3	15.6	118	30	69142	72.9	6.82	0.4184	75.7
384.6	68.5	7.94	53.7	24307	72	11.58	86.3	49.6	47.5	86.8	12.43	24.039	47.8	236.8	87.5	9.15	0.5599	64.8	257.9	82.7	15.9	119.199997	30.3	68267	72.4	6.82	0.4458	76.3
389.5	67.6	8.15	54.3	24359	71.9	10.38	86.9	50.1	47.8	87	12.31	24.468	48.2	234.5	86.5	7	0.5688	65	263.2	83.7	15.42	119.199997	30.6	66720	71.6	6.82	0.4596	76.7
394.9	67.2	8.4	54.3	24916	72.8	10.06	86.1	50.5	48.2	88	11.63	24.166	48.9	236.4	86.7	8.13	0.5602	65.1	267.6	81.3	15.9	118.799988	31.2	65631	71.5	6.82	0.4405	76.8
400.1	67.9	10.12	54.7	25282	72.5	10.49	86.4	51	48.8	88	11.56	24.01	49.3	238	86.8	9.26	0.5579	65.1	262.5	80.6	15.9	117.099991	31.5	65311	69.4	6.82	0.4566	76.5
405.4	68.9	11.5	55.1	25743	74.3	10.95	85.4	51.4	49.3	86.2	12.38	23.812	49.8	240.9	84.5	10.32	0.5521	65.1	263.3	79.5	14.88	116	32.2	65475	70.6	6.44	0.4713	77.8
409.1	69.4	13.22	55.6	26319	74.6	11.91	85.1	51.9	49.4	86.1	11.38	22.983	50.3	243	84.6	11.58	0.5238	65.2	269.2	79.8	16.85	110.799988	32.7	65360	71	6.44	0.4728	78
410.4	70.6	14.65	56.1	26692	74.6	13.7	84.1	52.6	50	85.3	11.38	22.366	50.7	247.7	85.7	13.89	0.5193	65.7	273.1	82.8	16.85	109.299988	33.4	65662	70.1	5.93	0.4615	78.2
408.1	70.9	14.11	56.6	26042	74.9	17.01	83.7	52.8	50.4	87	11.63	22.144	51.1	244.3	83.6	15.66	0.5105	66.2	302.1	82	16.77	107.5	33.3	65112	71	5.93	0.4926	77.9
410.8	70.3	14.78	57.1	25972	74.2	16.86	83.8	53.5	50.6	86.2	11.31	20.498	51.7	245.3	83.6	14.72	0.4724	66.8	293.3	81.2	16.77	99.699997	33.9	65653	71.1	5.93	0.4885	78.7
414.4	70.6	14.37	57.7	25908	75.1	16.83	83.2	54.1	51.2	87.2	13.13	19.976	52.2	245.3	85.7	14.91	0.4696	67.3	294.4	81.2	16.72	97.5	34.6	66527	70.9	5.93	0.4789	78.6
418.7	71	12.45	58.1	26056	75.9	16.44	84.3	54.8	51.6	85.5	12.8	20.169	52.7	237.9	85.5	13.48	0.4758	67.8	295.6	81.1	18.8	95.399994	35.1	66533	71.1	5.93	0.4739	78.9
427	70.5	14.36	58.5	26377	76.3	17.35	83.6	55.2	52	85.5	13.19	19.033	53.4	238.6	85.1	13.64	0.4516	68.2	295	80.2	18.28	90.699997	35.6	66269	71.1	5.68	0.4651	79.5
424.4	71.1	15.92	58.9	26167	76.3	18.43	83.1	55.7	52.8	86.6	18	18.041	53.9	239	85.2	16.3	0.4297	68.5	293	83.8	20.04	86.399994	36.1	67984	70.1	5.68	0.4462	80.2
425.5	71.5	14.12	59.5	25761	77.1	18.83	83.3	56.5	53.2	87	18.25	17.49	54.5	241	84.1	14.56	0.4183	68.8	296.8	81.9	19.3	83.899994	36.5	68928	71.9	5.68	0.4429	80.3
427.9	72.2	15.23	60.1	26896	76	20.29	81	57	53.3	85.9	17.3	17.088	55.4	240.8	84.6	14.7	0.4058	69.2	297.6	81.9	20.04	81.699997	36.8	69310	72.4	5.68	0.4176	80.1
427.8	71.8	15.58	60.6	25963	73.8	20.82	83.2	57.5	53.9	85.9	17.81	17.167	56.1	240.8	84.7	15.61	0.4117	69.4	288.6	77.5	20.79	82.199997	37.1	69819	72.2	5.68	0.4386	79.7
427.5	71.2	14.1	61.2	25377	73.8	19.38	82.9	57.9	55	86.9	18.63	17.963	56.7	238.1	85.3	14.95	0.4306	69.8	293.7	80.9	19.78	84.899994	37.6	70099	73.3	5.68	0.4297	81
428.5	70.7	13.05	61.3	25216	73.4	17.96	83.1	58.4	55.9	86.5	15.88	17.641	57.4	238.3	85.1	13.87	0.4436	70.1	294.6	81.7	21.41	83.299988	38.3	70806	73.8	5.68	0.4277	81.2
430.9	69.7	10.2	61.5	24771	71.7	15.07	85	58.9	56.2	86.3	15.38	18.003	57.9	241.8	84.5	11.27	0.4538	70.4	295.8	81.6	21.54	84.599991	39	71202	73.8	5.68	0.4666	81.1
436.2	68.9	11.64	61.7	26165	71.4	14.41	84.3	59.2	56.4	88.3	15.13	17.397	58.3	242.7	83	10.93	0.4435	70.6	335.9	78.3	22.08	83.299988	39.4	71481	73.5	5.42	0.4548	81.2
442.1	67.8	12.77	61.9	26059	70.4	14.34	83.6	59.6	57	86.4	15.13	17.021	58.9	242	83.5	12.41	0.4332	71.2	321	83.3	20.83	80.799988	39.9	70342	73.1	5.42	0.4338	81.2
441.5	69.3	12.16	62.1	25607	69.6	14.58	81.3	60.4	57.8	86	14.19	16.449	59.5	243.1	83.7	13.78	0.4191	71.3	318.6	80.6	20.09	78.099991	40.5	70747	72.6	5.42	0.4219	81.1
442.4	68.8	13.44	62	25459	68.9	14.86	81.3	61.1	58.1	87	15.88	16.021	60.2	243.9	84.4	12.49	0.4142	71.3	316.6	78.9	19.3	75.599991	40.9	71116	73.3	5.42	0.4057	81.2
446.8	68.2	12.36	62.3	25601	67.6	14.98	82	61.4	58.1	87	16.63	16.422	60.9	245	84.3	12.82	0.4287	71.6	319	80.5	20.69	77.199997	41.2	71754	72.3	5.42	0.4254	81.8
446.5	67.6	11.54	62.9	26003	68	15.18	80.4	62.3	58.8	86.9	16.25	16.365	61.4	248.5	84.2	12.15	0.4264	72.1	316.7	78.8	20.79	76.899994	41.7	72411	71.6	5.42	0.4107	82.2
447.9	67.4	12.75	63.7	25917	66.5	16.33	77.3	62.9	59.6	86.9	15	14.643	61.8	249.7	82.1	12.11	0.4065	72.9	326	76.4	19.11	72.299988	42.1	72434	72.6	5.42	0.3937	82.2
449.1	66.8	10.25	64	25738	64.5	15.25	79.6	63.2	60.1	84.2	14.94	14.637	62	250.1	79.4	11.91	0.4074	73	332.7	80.1	18.83	72.699997	42.6	73161	72.4	5.42	0.3883	81.7
452.5	66.5	8.42	64.1	25174	67.2	13.7	80.7	63.5	60.9	84.2	14.06	14.248	62.2	249.5	81.4	9.01	0.4004	72.9	327.2	76.3	18.31	71	43.4	73431	72.5	5.42	0.3821	82.3
457.5	66	7.56	64.2	25641	65.5	12.73	80.9	63.9	61.4	84.8	13.88	14.01	62.4	252.6	81.3	8.2	0.3956	73.1	335.2	77.4	17.54	70.299988	44.1	73564	72.8	5.42	0.3711	83.5
464.6	65.5	7.86	64.4	25828	63.6	11.21	81.6	64.3	62.1	85.6	13.06	13.791	62.8	253.2	80	7.75	0.3896	73.5	341.2	77.9	18.07	68	44.8	74183	70.7	5.42	0.3606	83.8
471.1	65.3	8.18	64.3	26013	63.9	10.72	80.8	64.7	62.5	84.9	13.19	14.244	63.4	255.6	79.3	8.04	0.4021	73.7	353.3	76	19.54	69.599991	45.4	74532	72.5	5.42	0.3951	83
474.3	64.8	7.9	64	27142	63.5	9.8	81.3	64.7	61.9	85.5	12.56	14.87	63.9	259.2	79.9	8.01	0.4208	73.8	393.9	75.2	19.51	73	45.8	74752	71.8	5.42	0.4255	82.9
476.7	66.1	8.1	64.2	27368	66.8	9.58	80.9	64.6	62.4	85.5	12.69	14.417	64.5	264	81.3	7.81	0.4086	74.2	376.2	75.9	19.51	71	46.4	75091	72.2	5.42	0.4203	83
483.8	66	7.88	64.2	27945	67	9.23	81.4	64.9	63.5	85.4	13.06	14.571	65	266.3	79.5	8.13	0.413	74.2	370.7	76	19.07	71.5	47	75035	71.9	5.42	0.4247	82.7
490.2	66.6	8.61	64.2	27989	67.2	9.17	81	65.5	63.7	86	12.19	13.756	65.6	271	81.1	8.3	0.4121	74.2	368.2	74.7	18.58	69.199997	47.5	74935	72.9	5.42	0.4177	83.1
492.8	67.5	8.07	64.7	28175	68.3	9.12	81.6	65.5	63.8	85.6	12.44	13.556	66.4	272.3	82	8.25	0.4068	74.3	369.7	76.4	17.84	68.399994	47.9	74991	73	5.42	0.4219	83.5
499.8	68.3	8.56	65.1	28136	68.3	9.25	81.3	65.7	64.6	86.5	12.56	13.227	66.9	273.4	81.5	8.19	0.397	74.5	365.6	73.7	17.36	66.799988	48.4	75069	73.2	5.42	0.4196	84.4
504.3	68.7	8.84	65.3	28651	69.9	9.17	81.5	66.4	65.2	86.2	12.63	13.093	67.3	276.7	84.2	8.82	0.3934	74.8	377.9	74	17.34	66.299988	48.6	75328	74.1	5.42	0.4172	83.8
509	69.9	9.25	65.6	29089	69.7	9.24	81	66.7	66	84.8	12.19	12.566	67.8	278.7	80.8	9.12	0.3783	75	388	77.2	17.37	63.799988	49	75399	73.8	5.42	0.4137	83.5
511.6	70.8	9.27	65.8	29230	71.2	9.32	81.1	67.1	66.4	84.8	12.38	12.271	68.2	279.7	81.6	9.39	0.3694	75.3	383.4	76.1	17.34	61.899994	49.3	75404	75.3	5.42	0.4055	83.3
513.4	72	8.75	66.1	29496	72.7	9.24	81.2	67.1	66.1	85.7	12.56	12.486	68.8	279.1	83.7	9.05	0.3789	75.5	390.8	75.2	17.06	62.5	49.9	75667	76.6	5.42	0.4235	84.3
517.2	72.6	8.46	66.3	29213	73.7	9.24	81.1	67.5	66.8	85.1	12.25	12.541	69.3	279.1	83.1	8.71	0.3807	75.5	394.8	76.5	17.34	62.599991	50.7	75880	76.1	4.91	0.428	85
518.5	72.5	8.47	66.4	29440	74.3	9.38	80.7	67.5	67.7	87	12.13	12.192	69.6	279.3	84.3	8.71	0.3708	75.6	391.5	77.6	17.58	61.199997	51.3	75339	76.9	4.91	0.4274	84.5
520.8	72.9	8.95	66.5	29548	75.6	9.71	80.4	67.6	68.4	87.6	12.25	11.98	69.8	280.1	85.5	8.96	0.3671	75.8	444.5	77.7	17.54	60.299988	51.5	76231	78	4.91	0.4307	84.3
524.4	74.4	8.88	66.9	29530	74.8	9.73	80	68	69.1	87.9	12.31	11.615	70.3	281.4	85.1	8.93	0.3554	76.1	425.7	77.2	16.81	58.299988	52.1	75520	78.3	4.91	0.426	84.5
527	74.3	9.13	67.2	29695	72.8	9.79	79.9	68.4	69.5	87.8	12.5	12.461	70.8	280.1	85.8	9.03	0.3838	76.3	415.5	74.9	15.79	61.699997	52.7	76013	80.3	4.91	0.4283	85.1
530.8	75.1	9.7	67.3	29875	74.4	10.53	78.3	68.5	70.1	87.4	12.63	12.531	71.3	279.8	84.2	9.44	0.3861	76.4	419	77.2	15.66	61.799988	53.1	76815	79.8	4.91	0.445	85.2
534	75.5	9.72	67.7	30035	75.5	10.59	77.8	68.8	70.7	86.2	12.44	11.993	71.7	283.2	83.5	9.69	0.368	76.5	420.4	76.1	15.6	59.5	53.5	76683	79.7	4.91	0.4426	85.4
536.6	76	9.74	67.9	29897	76.4	11.35	77.2	68.8	70.9	88.6	12.31	11.869	72.1	281.9	84.3	9.9	0.3659	76.6	414.9	78.9	14.95	59.199997	53.8	76619	81.1	4.91	0.432	86
540.5	76.3	9.9	68.1	29970	80.9	12.11	75.8	69.2	71.5	86.2	12.13	11.703	72.4	281.6	76.6	9.94	0.3592	76.9	425.6	79.1	14.71	58.299988	54.1	76943	81.6	4.91	0.4211	85.4
542.1	76.4	10.4	68.3	29837	77.4	12.73	76.2	69.5	71.9	87.6	11.75	11.249	72.9	283	85.8	10.13	0.3453	76.8	430.6	77.6	14.71	56.199997	54.3	77566	81.4	4.91	0.4073	85.6
542.4	76.4	10.71	68.6	29573	77.3	12.13	77.1	69.5	72.3	87.6	11.25	11.283	73.3	283.7	84.7	10.49	0.3464	76.6	424	83.6	14.95	55.899994	54.5	77449	82.7	4.91	0.4144	84.9
543.9	76.3	10.22	68.9	29705	76.1	12.02	75.9	69.6	73.3	87.5	11	10.771	73.6	285.4	86.4	10.41	0.3305	76.7	435.2	80.2	15.42	53.099991	55	78806	81.8	4.91	0.4073	86.2
543.9	76	8.99	69.1	29960	76.9	11.46	76.1	69.8	73.8	88	10.31	10.667	74.1	285.5	85.9	9.97	0.3301	77.1	441.1	78.8	15.27	53.199997	55.5	78565	84.2	4.91	0.4077	86.8
547.3	76	8.42	69.1	29673	77.2	10.5	75.5	70.1	74	86.4	10.31	10.539	74.4	287.3	86.5	8.79	0.323	77.2	440.8	77.9	14.95	52.299988	55.9	79024	84.1	4.91	0.406	86.4
551.2	75.7	7.84	69.1	29798	77	10.09	75.7	70.1	74.8	86.5	10.75	10.425	74.5	294.8	87.3	8.16	0.3177	77.3	498.9	80	14.82	51.699997	56.3	79992	83.6	4.91	0.3982	86.6
555.7	76	8.02	69.2	30118	82.7	9.5	75.3	70.5	75.4	85.9	10.44	10.33	74.9	290.8	86.1	7.76	0.3157	77.7	496.4	76	13.93	51.199997	56.9	80349	84.3	4.91	0.3927	86.8
562.5	76.6	8.46	69.6	29964	82.8	11.27	72.3	70.9	75.8	88	10.69	9.821	75.3	289.3	86.4	8.22	0.301	78.1	479.7	79.9	13.62	48.299988	57.6	80389	84.3	4.91	0.3854	86.5
565.8	76.8	8.15	69.8	30407	83.5	10.4	73.2	71.1	77.1	88	10.69	10.608	75.8	291.9	87.2	8.57	0.3233	78.3	470	79.5	13.54	50.5	58.1	81566	83.4	4.91	0.396	86.8
569.4	76.9	7.83	70.2	30225	83	9.77	73.2	71.4	77.7	87.5	10.44	10.521	76.4	289.8	86.8	8	0.3236	78.4	475.5	77.6	14.41	50.599991	58.5	80075	84.8	4.91	0.3964	87.3
575.2	77.1	7.17	70.4	30787	83.9	9.51	72.8	71.6	77.1	87.9	10.19	10.615	76.8	291.9	87.8	7.56	0.3237	78.4	470.5	79.4	14.47	50.699997	58.9	80209	85.7	4.91	0.3971	87.5
582.9	76.9	6.83	70.6	30854	84.7	9.33	73.6	72	77.4	87.1	10.31	10.733	77	292.4	88.7	7.01	0.3267	78.4	472.2	80.4	14.41	51.299988	59.3	80876	84.3	4.91	0.4017	87.5
590.7	76.6	7.25	70.7	30987	84.4	9.06	73.8	72.3	78.2	88	9.88	11.765	77.3	293.8	90	7.05	0.3586	78.4	486.3	78.9	14.22	53.399994	59.4	81210	85.5	4.91	0.4226	87.7
598	77	7.37	70.9	31513	85.3	8.95	73.2	72.3	78.3	88	9.75	11.765	77.4	295.7	87.7	7.18	0.3595	78.2	484.5	82.2	13.95	53.5	59.5	81308	84.7	4.91	0.4215	87.5
604.6	77.5	7.26	71.1	31871	83.9	8.75	72.9	72.4	78.8	88.1	9.5	12.266	77.5	300.7	88.7	7.08	0.3745	78.3	487	79.9	13.93	55.399994	59.9	82317	83.9	4.91	0.4608	87.6
608	76.8	7.41	71.3	32258	84.7	8.52	73.2	72.6	79.4	88.4	9.69	12.541	77.8	303.7	89.6	7.17	0.3821	78.3	491.5	78.8	13.28	56.599991	60.5	82342	84.8	4.91	0.4728	88.4
611.9	77.3	7.39	71.5	32635	85.2	8.85	72.3	72.9	80	90.3	8.81	13.047	77.9	303.2	90.5	7.2	0.3981	78.4	496	81.1	13.31	58.599991	60.9	82464	84.7	4.91	0.495	87.7
619.3	77.8	7.26	71.7	33185	85.2	9.24	71.6	73.2	80.3	87.5	9.06	13.226	78	311.1	88	7.07	0.4063	78.5	514.6	78.7	13.23	59.599991	61.3	83932	84.6	4.91	0.4988	87.8
620.5	78.3	7.16	71.9	32544	85.4	10.55	70.3	73.6	79.8	89	8.94	13.667	78.1	311.3	89.5	7.04	0.4186	78.8	544.6	81.1	14.34	61.399994	61.6	83903	84.6	4.91	0.5214	88.1
624.2	77.8	7.24	71.7	32156	84.9	11.55	70.4	73.9	80.4	88.6	8.69	14.641	77.9	312.3	89	7.03	0.4508	78.7	526.2	81.3	14.17	66.199997	61.8	83511	84.5	4.41	0.5565	88
632.8	77	6.54	71.4	32446	83.6	10.19	71.6	74.1	83.5	87.6	8.31	14.02	78.1	320.6	89.3	6.59	0.4315	78.4	517.5	82.5	13.46	63.299988	62.1	84546	84.4	3.9	0.5568	88
640.2	77.6	6.27	71.3	31833	84.3	9.02	72.8	74.2	84.5	91.1	7.38	14.353	78.3	321.4	90.5	6.06	0.4574	78.4	523.9	82.2	12.99	66.599991	62.3	84995	84.4	3.39	0.5942	88.2
652	77.4	6.28	71.5	32522	82.5	8.33	72.5	74.6	84.1	86.6	7.25	13.577	78.5	322.4	89.6	6.12	0.4324	78.4	525.3	80.8	11.6	63.099991	62.5	85384	84.3	3.39	0.5821	88.5
661.5	77.1	6.12	71.9	32817	82.2	8.59	72.1	74.7	84.8	88.4	7.19	14.262	78.8	325.8	90.2	6.21	0.4548	78.4	522.8	83	11.24	66.199997	62.7	86777	84.7	3.39	0.6061	88
672.1	77.4	5.96	71.9	33275	82.8	8.26	72.5	75.2	85.2	89.1	7.12	14.705	78.9	326.8	92	5.84	0.4776	78.2	532.3	82.5	11.24	69.5	62.7	87196	84.8	3.39	0.6481	87.8
680.7	77.6	5.32	72	33380	82	8.33	72.1	75.4	86.2	89.1	7.24	14.873	79	329.1	90.1	5.57	0.4873	77.9	529.8	80.8	10.92	70.699997	62.8	88170	82.6	3.39	0.6406	87.6
688.5	77.5	5.33	72.3	33838	82.5	8.35	72	75.4	86.6	90.1	7.34	15.101	79.3	331.7	89.7	5.19	0.4949	78	536.2	82.3	10.92	71.699997	63	88741	85.5	3.39	0.651	88
695.4	78.2	5.34	72.4	34067	82.6	8.3	71.9	75.8	86	90.4	7.68	15.17	79.5	334.1	89.9	5.17	0.4837	77.7	546.3	82.4	10.79	70.099991	63.3	89512	84.3	3.39	0.6192	88.1
705.2	78.6	5.53	72.4	34674	82.4	8.24	72.3	76.2	86.5	88.8	7.62	15.436	79.6	337	91	5.35	0.5057	77.6	553.4	82.6	10.69	73	63.6	90724	83	2.89	0.6158	87.7
724.2	79.3	5.84	72.5	35273	84.1	8.24	72.4	76.3	86.5	88.5	8.01	15.492	79.7	338.1	90	5.49	0.5153	77.7	579.1	85.4	10.81	73.599991	63.8	91251	85.2	2.89	0.6285	87.5
729.4	78.8	5.74	73	35823	84.9	7.24	74.7	76.5	87	87.7	8.76	16.574	80.4	339.5	87	5.45	0.5529	78.2	600.1	81.6	10.81	77.599991	64.2	92066	84.7	2.89	0.6557	87.2
730	79.7	5.6	73.2	37109	85.2	7.28	75	76.9	88.2	89.9	8.43	16.42	80.5	342.4	89.3	5.59	0.5474	78.3	578.4	84.1	10.69	76.899994	64.6	92483	84.5	2.38	0.6534	87.2
733.1	80	5.79	73.6	37059	85.7	6.8	76.6	77.1	88.2	90.7	7.91	16.631	80.6	344.3	87.8	5.56	0.554	78.3	571.4	85.5	10.57	77.699997	64.7	92792	85.7	2.38	0.6859	87.5
743.4	80.4	5.66	74	38206	85.3	8.08	74.8	77.5	88.4	89.7	7.9	16.763	81.1	348.5	90.8	5.76	0.5598	78.4	578.9	84.8	10.23	78.199997	65	94166	84.8	2.38	0.7168	88.3
745.9	80.7	5.81	74.2	38513	85.4	8.19	74.7	78	88.7	91.1	8.15	16.465	81.2	352.3	91.9	5.75	0.549	78.4	582.2	88.7	10.31	76.099991	65.3	95743	83.4	2.38	0.6944	88.5
743.6	81.4	5.89	74.5	38593	86.4	8.29	75.1	78.2	89	91.4	8.29	16.379	81.4	357.1	90.3	5.69	0.5465	78.5	582.8	85.5	10.34	75.399994	65.5	96175	86.6	2.38	0.6803	88.3
745	81.9	6.06	74.7	38331	87.3	8.94	75.3	78.7	88.9	90.1	7.85	16.205	81.6	357.8	89.6	5.78	0.539	78.5	594	84.9	11.21	74.399994	65.6	96893	87.3	2.38	0.6698	87.9
746.9	82	6.48	75.1	38338	88.2	8.99	75.8	78.8	88.5	90.1	7.92	16.488	81.8	363.2	91.6	6	0.5509	78.4	592.5	83.3	11.15	76.099991	65.9	98731	87.7	2.38	0.7022	88
748.6	81.9	6.81	75.5	38453	88.7	9.35	76.4	78.8	88.6	91.5	7.99	16.345	81.8	363.3	90.4	6.32	0.544	78.3	592.1	85.8	12.07	75.399994	66.3	98895	89	2.38	0.6833	88.7
756.5	83	5.18	75.7	38644	89.5	7.84	76	79.1	89	91.4	8.33	16.949	82	365.5	91.6	6.4	0.5749	78.4	602.7	88.1	11.89	78.199997	66.8	99076	90.4	2.38	0.7215	88.7
753	83.3	5.39	75.7	38613	90.1	8.31	76.4	79.4	89.2	91.7	8.83	17.974	82.1	366.1	91.9	5.81	0.6115	78.4	610	87	11.93	82.699997	67	99708	90.8	2.38	0.7544	88.3
749.6	83.8	5.85	75.7	38214	90.9	8.41	76.9	79.5	89.2	92.8	8.34	18.727	82.1	363.4	92.1	5.8	0.6323	78.5	624.2	85.8	11.64	85.5	67.2	97773	91.8	2.38	0.8097	88.2
755.5	83.8	5.81	75.9	38486	91.5	8.37	78.4	79.6	90.2	92.1	8.32	17.69	82.3	367.7	91.9	5.9	0.5967	78.9	646.5	91.6	11.36	81	67.5	99829	92.4	2.38	0.7862	88
757.2	84.1	5.78	76.1	38499	91.6	8.32	79.3	79.9	90.2	92.8	7.56	17.495	82.4	378	92.5	5.69	0.5923	79	621.9	88.4	10.72	80.399994	67.8	101188	95.1	2.38	0.7813	87.8
761.2	84.1	5.89	76.5	38824	92.3	8.53	81	80.4	89.3	93.7	7.9	17.778	82.7	379.2	90.9	5.69	0.6027	79	612.1	88.6	10.69	81.199997	68.1	101261	93.2	2.38	0.7974	88.1
767.4	84.6	6.17	76.8	39306	92.1	8.87	81.4	80.6	89.7	92.7	7.93	17.634	83.1	383.3	92.4	5.92	0.5994	79.2	622.3	90.4	10.65	80.5	68.3	102662	95.7	2.38	0.801	88.6
771.6	84.7	6.62	77.1	39555	92.7	8.92	81.1	81.1	90.3	93.3	7.81	17.235	83.3	388.1	92.5	6.27	0.5791	79.4	626.5	88.6	10.7	78.099991	68.5	104988	94.7	2.38	0.7984	88.6
779.1	84.7	6.75	77.4	40444	92.2	9.19	82.5	81.3	90.2	94.4	7.36	16.281	83.5	393.4	94	6.5	0.5491	79.5	625.2	89.6	10.55	74	68.8	104297	94.8	2.38	0.7553	88.5
783.3	85.3	7.17	77.8	40728	91.6	9.29	82.6	81.8	91	95	7.31	15.792	83.8	394.3	92	6.73	0.5316	79.5	640.3	90.5	11.48	72.099991	68.9	104140	95.4	2.38	0.7544	88.3
785.1	85.8	7.54	78.1	41060	91.7	9.78	80.7	81.9	91.9	95	7.6	15.711	84	396.6	95.8	7.02	0.5334	79.4	638.5	91.3	11.49	71.799988	69.2	104927	95.9	2.38	0.7407	88.6
785	85.4	7.49	78.6	41149	92.4	10.33	82.2	82	91.2	96.6	7.86	15.636	84.2	396.6	94.5	7.23	0.532	79.5	641.5	90.4	11.11	71.399994	69.5	105043	97.5	2.38	0.7432	89.3
783.6	85.7	7.61	78.9	40365	91.7	10.29	82	82.4	91.7	93.7	7.9	16.445	84.4	398.7	94.7	7.34	0.5655	79.6	657.8	91.5	11.4	76	70	106331	96.1	2.38	0.7952	89.7
784.4	86.3	8.09	78.9	40806	91.1	10.59	84.1	82.6	92.9	96.5	8.05	16.846	84.5	400.6	95	7.68	0.5762	79.8	659.4	92	11.79	77.899994	70.5	108806	98	2.38	0.8214	89.3
786.3	86.8	8.39	79.1	41004	92.4	10.94	83.8	82.6	92.9	96.6	8.27	16.504	84.7	401.7	97.2	8.09	0.5617	80	669.5	93.7	12.08	76.599991	70.8	107972	98.8	2.38	0.7946	89.1
785	87.2	8.68	79.5	41332	92.2	11.18	84.5	83.1	93.1	96.4	8.53	15.775	85	409.6	96.8	8.29	0.5363	80.7	688.4	91.9	11.83	73.399994	71.3	108335	99.9	2.38	0.7743	88.9
783.4	86.6	9.02	79.8	40862	93.1	11.61	83.4	83.6	93.6	96.7	9.38	16.069	85.3	411.7	96.8	8.48	0.5466	80.9	662	92.8	11.87	74.099991	71.8	110820	99.1	2.38	0.7874	88.6
782.9	87.4	9.2	80.3	41204	92.6	12.14	83.8	84.1	93.8	96.1	9.11	15.638	85.5	413.5	96.6	8.83	0.5283	81	659.5	90.6	13.55	72	72.3	110912	102.7	2.38	0.7573	89.1
778.7	87.6	8.7	80.8	40879	93.1	12.37	84.3	84.3	94.4	99.3	8.75	15.752	86	409.6	99	8.7	0.5324	81.6	671.3	93	12.67	72.699997	72.6	110596	101	2.38	0.755	90.7
774.7	87	8.93	81.2	41510	92.3	12.15	82.9	85.2	94.6	97.3	8.89	14.826	86.4	411.3	94.5	8.4	0.5036	81.6	679.4	90.7	12.18	69.5	73	110330	100.9	2.38	0.7008	91.2
774.2	86.9	8.26	81.4	41261	91.6	12.08	83.5	85.6	94.8	98.4	8.97	15.069	86.5	413.2	98.1	8.22	0.5122	81.7	669	92.4	10.8	70.799988	73.3	108010	102.4	3.14	0.694	91.1
779.6	86	8.05	81.6	41572	91	12.11	84.7	86.2	96.2	98.6	9.14	15.835	86.7	415.9	98.6	7.92	0.5359	81.6	689.3	92.7	12.63	74.399994	73.4	106933	100.1	3.14	0.7228	90.9
781.1	86.4	8.17	81.8	42065	91.1	12.15	85.1	86.3	97.1	98.6	9.09	15.137	86.9	415.4	98.8	7.91	0.5101	81.6	683.5	94.9	12.96	71.099991	73.6	107963	102.1	3.14	0.693	90.8
782.2	86.2	8.14	82	41996	91.2	12.23	84.9	86.4	97.5	97.6	9.28	15.784	87.1	415.7	99.1	7.72	0.5352	81.7	683.6	94.2	12.61	73.199997	73.9	108399	101.5	3.14	0.7179	91.6
787.1	85.8	8.04	82.4	42394	90.2	12.17	85.2	86.6	98.5	98.3	10.19	16.033	87.5	417.1	99.5	7.59	0.5442	82	693.7	94.5	13.22	74.099991	74.5	107915	100.8	3.65	0.7027	92.3
788	86.1	7.85	82.6	41448	91.1	12.21	86	86.9	98.8	98.8	10.61	16.383	87.6	417.5	99.6	7.67	0.5588	82.2	696.4	94.5	14	75.799988	74.9	106699	101.7	3.65	0.6995	91.4
792.6	86.6	7.85	82.8	42382	92.1	12.22	86.4	86.9	99.2	97.9	10.62	17.277	87.7	421.9	100.9	7.64	0.589	82.4	738.4	98	13.5	78.699997	75.2	105820	102.2	3.65	0.6971	91.4
794.5	86.2	8	83.6	41943	89.8	12.04	84.3	87.6	100.1	100.1	11.11	17.495	88.3	421.6	101.7	7.64	0.5943	82.9	777.5	92.1	12.98	79.799988	75.9	108526	101.3	4.15	0.6937	91.9
797.3	86.6	8.05	84	42398	90.3	13	83.9	88.2	99.8	99.7	10.76	17.467	88.4	426.1	101.7	7.76	0.5911	83.2	733.8	93.4	12.74	80	76.5	111556	102.2	4.15	0.6739	92
800.8	87	8.05	84.5	40972	90.6	13.26	85.5	88.5	99.6	100.9	10.66	17.55	88.7	422.9	102.4	7.87	0.5902	83.2	723.6	93.9	13.28	80.099991	76.8	111730	104	4.15	0.6361	92.3
805.4	86.5	8.05	84.6	41462	89.9	13.55	85.8	88.5	99.2	100.2	10.06	17.735	89.1	427.4	100	7.78	0.5951	83.4	738.6	95	12.73	81.199997	77.1	113111	104.1	5.17	0.6275	93.1
804	86.8	8.01	84.8	41225	90.1	13.67	85.2	89	99	101	9.78	17.532	89.2	427.4	102.8	7.78	0.5914	83.6	738.4	93.6	12.02	80.399994	77.3	109764	104.8	5.17	0.6592	93.6
809.7	86.8	8	85.2	41142	90.2	13.58	85.8	89.3	100.3	100.6	9.92	17.825	89.2	484.3	102.3	7.74	0.5983	83.6	726.2	92.6	11.07	81.5	77.7	110382	105	5.17	0.654	93.2
811.2	86.8	7.73	85.6	40058	90.2	13.23	86.8	89.7	100.5	102.2	9.95	18.721	89.3	499.7	103.6	7.66	0.6266	83.6	744.2	93.9	11.54	85.699997	77.9	111985	106.1	5.17	0.6787	93
817.5	86.9	7.62	86.4	40895	88.7	12.67	86.6	89.8	99.4	102.2	10.27	19.075	89.9	508.9	104.3	7.44	0.6401	83.9	730.5	96.3	11.65	86.299988	78.5	110773	106.8	5.17	0.6932	93.4
821.1	87.1	7.37	87.1	40750	87.1	12.4	86.5	90	100.3	100.4	10.34	19.097	90.5	510.1	105.4	7.38	0.6393	84.2	752.8	94.3	10.53	85.399994	78.9	112096	106.1	5.55	0.7257	94.1
820.1	86.6	7.36	87.6	41371	87	12.41	85.7	90.8	100.9	99.9	10.12	19.652	90.9	508	105.6	7.19	0.6583	84.8	757.9	92.7	11.58	87.799988	79.5	112249	108.2	5.55	0.7731	95.1
821.7	85.4	7.25	87.8	41549	86	12.01	85.8	91.4	99.5	99.4	9.94	19.687	90.8	505.3	105	7.07	0.6645	84.6	759.8	90.5	13.2	88.5	80	111486	107.6	5.55	0.7499	95
823.9	84.9	6.63	87.8	42022	85.2	11.47	86.2	91.3	101.3	98	9.99	19.497	90.7	541.4	104.7	6.81	0.6693	84.7	787.1	93.2	14.04	88.5	80.2	112217	107.6	5.55	0.744	94.9
826.3	84.5	6.38	88.3	42045	85.4	10.48	86	93.7	101.9	100	10.14	19.826	91.2	539.7	107.4	6.25	0.6711	85.2	806.6	93.8	12.88	89.5	80.7	113603	108.4	5.55	0.7622	95.5
832	83.8	6.2	88.5	41929	83.9	9.72	87	93.7	100.4	98.7	9.9	19.316	91.5	540.6	103.6	5.95	0.6578	85.6	782.8	91.3	13.44	88	81.3	112752	108.6	5.55	0.7576	95.2
838	83.1	5.91	88.6	42790	84	9.66	86.3	94	100.5	98.4	9.54	17.194	91.6	541.6	104.5	5.91	0.5824	85.6	780.1	91.8	12.96	78.899994	81.8	113201	107.6	5.55	0.7092	95.7
842	83.4	5.7	88.7	43018	84.3	9.24	86.9	94	100.6	99.1	9.5	17.088	91.9	537.1	103.5	5.67	0.5772	85.9	784.6	91.2	12.54	78.099991	82.1	113618	108	5.55	0.7278	96.3
848.8	84	5.68	89	43433	85	8.81	87.3	94.4	100.6	99	9.39	17.104	92.2	543.1	102.5	5.51	0.5798	86.2	790.6	92.1	12.03	78.099991	82.4	113416	109.1	5.55	0.7252	96.7
857.4	85	5.69	89.2	43226	85.6	8.65	87.6	94.9	100.6	99.6	9.92	16.275	92.4	541.4	104.7	5.6	0.5519	86.6	782.5	93.7	12.2	74.199997	82.8	117871	105.7	5.55	0.7252	96.4
862.7	85.1	5.69	89.4	43800	85.8	8.69	86.8	95	100.1	100.1	9.75	16.841	92.6	551.6	103.3	5.58	0.5728	87.7	797.3	92.2	12.49	76.699997	83.1	118576	108.2	5.42	0.7257	96.3
868.2	85.2	5.48	89.6	43696	85.6	8.53	87.6	95.1	100.5	100.1	9.85	16.905	92.7	553	101.9	5.39	0.5744	87.7	787.1	92.1	12.69	76.899994	83.3	118717	106.7	5.42	0.7291	96.4
871.2	86	5.26	90	43995	86	8.34	88.4	94.9	100.6	98.7	9.54	17.648	92.9	551.9	101	5.25	0.6013	87.7	798.3	94	12.16	80.299988	83.7	119368	106.6	5.42	0.7527	96.6
878.2	85.9	4.95	90.2	42631	85.5	7.79	89.1	94.8	98.4	98.8	9.37	17.484	93.4	555.1	102.5	5.03	0.5977	89	814	92.3	12.01	79.799988	84.1	120287	105.9	5.42	0.7639	97.7
887.2	85.8	4.47	90.4	43908	85.1	7.41	88.1	95.1	98.4	99.2	9.39	17.931	93.7	557.2	104	4.6	0.6128	89.4	828.2	94.8	12.69	81.399994	84.7	121795	106.6	4.91	0.7689	97.9
895.9	85.2	3.95	90.5	44670	84	7.42	86.5	94.7	99.3	98.8	10.12	19.305	93.4	556.2	103.7	4.12	0.6596	89.5	869.5	92	13.85	86.899994	84.9	121946	105	4.91	0.7987	97.4
910	85.3	3.94	90.6	45032	85.4	7.04	85.1	95.1	98.3	99.5	10.12	18.183	93.6	560.8	105.2	3.84	0.6197	90	896.4	93.7	12.19	82.5	85.4	121820	104.2	4.41	0.7952	97.2
924.8	85.8	4.02	91	45498	85.3	7.25	84.6	95.2	97.9	99.8	10.29	17.941	94	563.5	106.3	3.84	0.6106	90.6	845.2	94.4	12.73	81.299988	85.9	121483	103.8	4.41	0.7735	97.1
935.8	86.4	4.15	91.4	45215	85.2	7.24	84	95.5	98.2	99.5	10.41	17.961	94.3	567.5	104.4	4.05	0.6088	90.9	838	94.1	13.05	80.699997	86.3	122334	102.2	4.41	0.7508	97.6
943.1	87.1	3.79	91.5	45025	86	6.72	83.6	95.6	98.7	99.5	10.33	17.872	94.5	574.3	104.3	3.81	0.6025	91.3	861.9	93.2	13.49	80.199997	86.6	121960	101.9	3.65	0.7491	98.6
950.3	87.3	3.8	91.7	44834	85.5	6.08	83	95.8	100.6	98.5	10.26	18.479	94.8	574.9	103.5	3.66	0.62	91.5	865	95.3	13.45	82.399994	87	121495	99.4	3.65	0.7797	98.7
954.5	87.2	3.65	92	45172	85.8	5.6	83.6	96	100.5	97.9	10.34	19.484	94.8	577.4	101.8	3.7	0.6549	91.8	861	93.7	14.42	86.599991	87.3	121927	101.6	3.65	0.7968	98.6
964.6	87.8	3.25	92.2	45536	85	5.17	84.5	96.1	99	97.6	10.52	20.002	94.7	582.8	100.7	3.28	0.6761	92.1	857.5	93.1	15.56	89.399994	87.4	121842	101.3	3.65	0.7862	97.9
975.3	87.6	3.23	92.5	46658	85.6	4.82	83.7	96.1	99.6	97.6	10.76	20.803	94.6	586.6	101	3.14	0.7094	92.1	830.5	89	15.43	92.799988	87.6	122664	98.1	3.14	0.8137	98.1
988.7	88	2.74	92.7	47210	86	5.44	80.1	96.1	99.8	98.2	10.83	20.986	94.9	598.2	100.5	2.97	0.7096	92	839.8	89.6	18.05	81.099991	87.8	122966	102.2	3.14	0.8389	98.6
1004.2	88.5	3.02	93.1	47561	87.1	6.05	80.6	96.3	99.3	97.8	11.06	19.176	95.1	603	99.8	2.84	0.6506	92.1	860.4	91.9	15.52	76.099991	88.2	123100	98.8	3.14	0.8117	98.7
1015.4	88.9	3.34	93.2	47820	87.3	8.57	77.8	96.7	99.6	95.6	10.02	18.421	95.2	619.7	98.7	3.14	0.6244	92.4	850.8	92	15.37	71.5	88.8	123344	97.5	3.14	0.8019	98.5
1024	88.9	3.15	93.1	47404	87.5	7.45	78.7	96.7	99.4	94	10.82	18.16	95.2	627	98.4	3.25	0.6196	92.5	875.5	88.6	14.45	68	89	124230	96.8	3.14	0.8016	98.5
1029.8	89.3	2.97	93.6	47789	87.7	6.56	78.7	97.1	98.7	95	11.67	18.498	95.6	613.5	96.2	3.06	0.6275	94.1	918.9	93.1	12.52	67.5	89.5	123726	96.4	3.14	0.8026	98.4
1033	89.7	3	93.9	48928	88.9	5.84	79.8	97.4	98.8	95.7	11.78	17.892	95.9	615.9	95	2.95	0.6086	94.8	875.2	91.5	12.08	62.899994	89.8	123761	97.7	2.38	0.8496	98.5
1038.1	89.9	2.96	94.2	47988	89.9	5.11	79.5	97.3	98.8	95.2	11.34	18.252	96.4	623	95.7	2.97	0.6195	95.1	871.4	90.9	12.51	62.599991	90.1	124116	99.9	2.38	0.8595	98.8
1046.8	90.2	2.95	94.5	49888	89.5	5.35	78.7	97.3	97.8	94.4	9.14	18.794	96.5	626.1	95	2.89	0.6328	95.4	880.6	89.5	12.3	67.599991	90.5	124773	97.8	2.38	0.8997	99.4
1065.8	89.8	3.13	94.6	50494	89	4.85	78.7	97.5	97.9	93.7	7.76	18.546	96.7	628.1	95	2.96	0.6274	95.5	886.8	90.8	11.51	67.299988	90.8	126414	96.3	2.38	0.939	99.5
1075.3	90	3.1	94.8	51398	89.5	4.54	78	97.5	99.1	93.8	7.33	17.559	96.6	635.5	94.5	3.1	0.5923	95.8	888.3	89.9	10.62	64.799988	91.4	126224	96.5	2.38	0.9368	99.4
1085.6	90.1	3.11	94.8	51515	88.9	4.16	77.9	97.8	98.7	92.7	7.74	16.749	96.7	641.8	92.9	3.05	0.5748	96.2	891.5	89.6	9.88	61.899994	91.7	126614	96	2.38	0.9443	99.7
1095.1	89.9	3.08	95	51598	90.1	4.74	75.7	97.9	98.4	92.7	7.11	17.16	96.7	646.5	96.5	3.05	0.5994	96.2	877.6	88.5	9.18	62.699997	91.8	126699	95.7	2.38	0.9597	100
1105.2	90.9	2.98	95.2	51407	91.3	4.65	74.9	97.9	98.7	94.2	7.03	17.659	97	654.7	95.8	2.96	0.6173	96.1	893.6	89.4	8.86	63.199997	92	126312	96	1.63	0.951	100.1
1113.3	91.3	3.09	95.6	53427	91.3	4.38	75.7	98.1	99.2	94.2	6.89	17.04	97.2	658.2	95.8	3.04	0.5969	96.1	909.7	89.9	9.11	61.5	92.5	126748	92.9	1.63	0.9242	100
1123.5	91.7	3.14	95.7	54101	91.6	4.09	74.8	98.5	99.1	94.1	6.52	16.918	97.3	673.8	94.6	3.12	0.5845	96.2	924.3	90.1	8.9	58.799988	92.8	127346	94.3	1.63	0.9179	99.4
1129.2	92.3	3.01	95.7	54222	90.8	3.86	75.5	98.4	99.1	94.3	6.27	16.962	97.2	677.6	97	3.08	0.5793	96.4	942.2	89.2	8.18	58.699997	92.9	128591	93.5	1.63	0.8941	99.5
1131.2	92.5	3.03	95.9	54820	92.1	3.62	75.3	98.4	100.5	94.8	6.27	16.901	97.4	684.1	96.3	3.02	0.5743	97.1	976.2	89.9	8.26	58.899994	93.4	129321	94.2	1.63	0.9099	99.6
1135.8	92.7	3.44	96.3	55049	92	3.86	74	97.6	101.5	93.9	6.2	17.156	97.7	682.6	97	3.21	0.5836	97.7	938.2	91.4	8.66	59.199997	93.8	130354	93.9	1.63	0.9602	99.6
1140	93.5	3.57	96.6	55631	93.2	5.39	72.3	97.5	101.7	95	6.19	17.513	97.8	689.7	97.9	3.52	0.5981	97.8	951.9	91.9	8.91	62.099991	94	131269	96.5	1.63	0.9695	100.1
1140.5	94	3.96	96.7	57714	94	6.82	72.4	97.5	102	97.3	6.03	17.564	98.1	698.6	98.4	3.74	0.601	97.9	971.2	95.1	8.6	62.799988	94.2	132086	95.6	1.63	0.9756	100.3
1142.6	94.8	4.28	96.8	56681	94.8	6.34	72.2	97.3	101.4	97	5.7	17.822	98.3	697.6	98.1	4.19	0.6093	98.2	969.8	93.7	8.08	62.899994	94.7	132526	95.4	1.63	0.9572	100.4
1145.6	95.4	4.23	97.1	57643	96	6.67	72.3	97.5	100.7	96.9	5.55	18.277	98.3	707.8	99.1	4.18	0.6268	98.4	956.5	94.7	8.67	63.099991	94.9	132538	96.9	1.63	1.0096	100
1151	95.7	4.37	97.4	58439	95.9	5.79	72.3	97.9	101.9	99.2	5.68	18.372	98.3	704.8	98.7	4.39	0.6266	98.7	963.1	96.3	8.61	62.699997	95.1	133249	96	1.63	1.0025	99.5
1151.3	96.2	4.68	97.8	58020	96.8	5.35	72.9	98	102.1	99.2	5.63	18.464	98.3	710.6	99	4.5	0.6317	98.9	930.1	97.8	9.19	63	95.3	134067	98.6	1.63	1.0045	100
1152.1	96.4	4.79	98	58396	97.4	5.29	74.6	98.1	101.4	99.3	5.64	18.934	98.5	714.9	99.8	4.64	0.6459	98.7	939	95.8	9.16	64.199997	95.6	134822	97.5	1.63	1.0157	100.3
1150.2	97	5.16	98.1	58076	97.4	5.37	73.9	97.9	102.2	99.2	5.54	19.541	98.8	714.3	101.3	4.96	0.6614	98.6	947.4	95.5	9.48	64.699997	96.1	134790	97.9	1.63	1.0269	100.7
1150	97.6	5.74	98.2	58590	98.3	5.79	72.7	98.5	102.1	100.5	5.54	18.56	98.8	718.1	102.2	5.25	0.6366	98.7	958.3	96.1	9.2	61.799988	96.5	134209	100	1.63	1.0109	100.5
1149.8	98.5	5.7	98.2	58924	99.9	7.18	71.3	98.5	101.7	101.3	5.81	18.706	98.7	712.8	103.8	5.64	0.6457	98.9	973.8	100.5	9.28	61.399994	96.7	135586	100.1	1.63	1.0026	100.2
1150.1	99.1	6	98.6	58796	101.1	7.98	71	98.9	101.9	101.1	5.88	19.08	99	709.8	98.7	5.81	0.6628	99.2	987.9	97.8	9.44	62.599991	97.1	136270	99.5	1.63	1.0147	100.2
1146.5	98.9	5.94	99	59597	100.9	7.77	71.8	99.4	102.1	99.7	5.93	19.419	99.4	711.5	102.3	5.8	0.6844	99.7	955.3	97.5	9.67	59.799988	97.8	136700	100.8	1.63	1.0304	99.9
1146.5	99.1	5.88	99.4	59427	100.3	8.22	71.5	99.6	101.5	101.6	8.23	20.623	99.6	711.8	100.5	5.73	0.7227	99.7	959.6	97.9	11.62	58.5	98.6	137337	100.8	1.63	1.1192	99.8
1148.5	99	5.88	99.7	59267	100	7.92	73.6	99.9	101.6	98.7	7.95	20.35	99.7	715.4	100.7	5.67	0.724	99.8	964.1	99.4	11.37	59.5	99	138561	100.8	0.88	1.194	100.1
1144.5	99.4	5.83	99.9	59952	100	7.39	73	100.2	102.4	101	7.64	20.471	99.9	723.1	101.7	5.7	0.7201	99.9	969.4	98.9	10.63	61.899994	99.7	140108	100.7	0.88	1.2019	100.3
1144.1	99.9	5.66	100.1	61999	99.9	6.87	72.8	100.2	102.2	101.2	7.31	20.606	99.9	725.5	100.5	5.5	0.7227	100.1	953.3	98.1	11.14	61	100.3	141472	100.1	0.88	1.182	100.2
1146.1	99.5	5.58	100.1	61902	99.6	6.62	73	100.4	102.7	100.7	6.46	20.978	99.7	725.7	100	5.47	0.7244	100.3	956.7	99.4	10.99	63.099991	100.4	143640	98	0.63	1.1308	99.7
1145.8	100.6	5.45	100.3	61888	99.8	6.34	74.5	100.2	102.9	100.7	6.02	19.849	100.2	733.8	98.9	5.41	0.6819	100.3	929	104.4	10.57	61.699997	100.8	145850	99.7	0.63	1.0091	99.8
1141.9	101.1	5.42	100.5	62553	99.6	6.46	74.4	100.3	103.5	100.1	6.02	20.348	100.5	739.9	100.2	5.26	0.7048	100.3	943.4	100.4	10.82	62	101	148422	99.1	0.37	1.0173	100.4
1136.5	100.9	5.51	100.9	62610	99.6	6.77	74.7	100.2	103.8	98.3	6.99	20.408	100.6	742.3	98.1	5.3	0.7075	100.1	950.8	100.3	11.13	62.699997	101.4	151044	100.4	0.37	0.9833	100.1
1133.3	101.2	5.53	100.8	61537	99.8	5.82	73.6	100.5	103.1	99.5	6	20.153	100.7	750.6	99.6	5.35	0.696	100.1	961.1	100.3	10.76	62.699997	101.9	152884	100.9	0.37	0.9847	99.8
1126.2	101.3	5.08	100.7	63412	99.4	5.54	73.3	100.3	106.3	97.8	5.53	20.408	100.8	758.7	98.6	5.16	0.6976	100.4	987.7	105.5	10.56	63.099991	102.1	152772	101.8	0.37	0.9725	99.8
1122.2	101	5.05	101.3	64608	100.4	5.12	72.8	100.6	108.5	99.9	4.7	19.526	101	767.4	98.3	5.02	0.6703	100.6	992.7	100	9.8	62.5	102.5	156038	102.5	0.37	0.9324	99.7
1117.4	102.2	5.01	101.7	63785	100.4	5.18	72.9	100.7	107.4	100.4	4.38	19.818	101.3	779	96.4	4.87	0.6818	101.1	944.9	99.8	9.9	64.299988	102.9	158031	103.4	0.37	0.9551	99.5
1122	101.9	5.15	102.2	65934	99.9	5.02	73.4	101	107.9	99.7	4.23	19.875	102	786.5	98.2	4.96	0.6776	101.2	943.6	101.3	9.86	63.699997	103.3	158669	99.1	0.37	0.9409	99.7
1123.7	103.1	5.15	102.6	67243	100.4	4.73	73.5	101.3	107.9	99.3	3.95	19.371	102.1	790.8	99.4	4.99	0.6539	101.2	948	98.1	9.29	64	103.7	160727	101.3	0.37	0.9542	100.3
1115.8	104	5.17	102.8	67444	100.7	4.64	73	101.6	107.9	100.6	3.79	19.25	102.3	798.5	100.2	5.02	0.6518	101.4	965.8	98.6	8.96	64.599991	104.1	161824	103.2	0.37	0.9242	100.5
1115	104.7	5.16	102.8	67591	101.1	4.69	73.3	101.6	109	99.9	3.89	19.408	102.2	800.8	100.7	5.11	0.6571	101.5	955.6	100.6	8.38	65.199997	104.3	163206	99.5	0.37	0.9139	100.2
1112.5	104.8	5.32	103	67609	102.1	4.42	72.7	101.6	108.7	100.5	3.75	20.044	102	807.2	99.7	5.17	0.6801	101.7	963.2	98.6	8.6	65.799988	104.2	164287	103.9	0.37	0.9266	100.1
1101.8	105.5	5.29	103.2	68510	102.3	4.03	73.1	101.6	108.6	100.5	3.9	19.708	101.8	813.4	101	5.09	0.6753	101.6	947	99.7	8.7	66.099991	104.3	165707	102.4	0.37	0.9222	100
1095.8	106	5.04	103.6	69252	102.2	3.96	73.4	101.8	109.5	100.6	3.67	19.337	102.1	816.6	101.5	5.15	0.655	101.6	962.2	98.2	8.1	65.5	104.4	166564	103.9	0.38	0.9011	100.4
1083.1	105.9	5.15	103.9	71290	101.9	3.19	74.6	102	109	100.7	3.39	19.583	102.4	830.2	100	5.01	0.6611	101.6	981.4	98	7.68	66	104.5	167740	106.2	0.36	0.8787	100.6
1080	106.7	5.13	104.1	73775	103.4	2.69	74.1	102.5	109.4	100.4	3.36	19.176	102.3	828.2	101.2	5.03	0.6517	101.5	1000.1	99	7.11	66.099991	104.9	168890	105.2	0.36	0.879	100.3
1080.5	107	5.15	104.1	74696	101.7	2.8	73	102.5	110.2	100.4	3.34	19.095	102.5	841.3	101.6	4.87	0.6432	101.9	1025.9	97.2	6.95	65.299988	105	169952	105.3	0.37	0.8621	100.4
1080.4	107.5	5.15	104.4	75732	103.6	2.84	74.2	102.7	109.4	100.7	3.24	18.131	102.8	851.5	98.5	5.05	0.6121	102.6	1067.3	97.2	6.98	62	105.3	171581	110.1	0.37	0.8197	100.3
1076.5	108.4	5.22	104.7	75947	103.7	2.86	73.2	102.9	108.3	101	3.23	17.509	102.9	857.1	101.3	5	0.5913	102.9	1027.6	100.5	6.75	59.299988	105.4	173064	107.8	0.37	0.828	100.1
1072	108.8	5.34	105	77107	103.2	3.19	72.2	103.1	109.4	101.3	3.21	17.72	103	863.4	102.4	5.14	0.596	102.8	1027.2	100.6	7.1	59.599991	105.7	174330	106.6	0.37	0.8061	100.2
1066.5	109.5	5.24	105.1	77027	105.3	3.14	71.6	103.1	110.2	103.4	3.31	17.176	103	864.2	102.3	5.17	0.5789	102.6	1030	102.4	6.69	58.5	105.8	174887	106.6	0.37	0.7883	102.2
1062.3	109.9	4.95	105.1	78455	105.3	3	72.4	103.2	110.7	102.4	3.41	17.387	103.2	872.9	100.7	5.13	0.5882	103	1051	101.6	6.39	59.199997	106.1	176235	109.7	0.37	0.8587	102.4
1066.2	110.6	5.17	105.2	78391	105	2.86	72.4	103.3	112	103.4	3.37	17.014	103.2	873.3	103.9	4.92	0.5734	103.1	1039	102.5	6.65	58.799988	106.1	177307	107.2	0.37	0.8741	102.4
1067.7	111.1	5.24	105.3	79247	107.7	3.32	72.4	103.3	113.1	105.4	3.33	16.197	103	885.9	104.9	5.06	0.5457	103.9	1057.4	102.7	6.52	55.899994	106.1	177793	108.4	0.37	0.8457	102
1070.9	111.9	5.23	105.5	80958	106.9	3.13	72	103.5	114.8	105.5	3.38	16.534	103.3	886.8	101.5	5.13	0.5574	104	1051.6	103.7	6.53	56.799988	106.2	178266	107	0.37	0.8379	102.1
1065.3	112.6	5.11	105.8	80478	106.5	3.1	72.4	103.4	115.8	105.6	3.32	16.855	103.5	883.3	102.8	4.97	0.5664	103.8	1049	102.7	5.81	57.899994	106.3	179899	108.6	0.37	0.8264	102.8
1062.3	113.3	5.2	106	82686	107.3	3.63	71	103.5	116.4	107.1	3.5	17.321	103.5	884.1	104	4.95	0.5804	103.7	1070.9	103.8	6.21	59.099991	106.6	180451	107.8	0.37	0.8337	103.1
1066.2	113.8	5.23	106	82563	107.3	3.57	70.2	103.3	117.4	105.7	3.56	16.949	103.7	879.2	104.6	5.15	0.567	103.7	1076.4	104.5	5.96	57.899994	107	182677	103	0.37	0.784	102.4
1073.4	114.1	5.35	105.9	82614	107.8	4.46	70	103.3	117.5	108.1	3.55	16.7	103.7	872.8	105.3	5.16	0.558	103.9	1104.9	106.5	5.17	56.799988	107	185906	105.2	0.37	0.7695	102.2
1074.2	114.4	5.18	106	85116	105.5	4.18	68.7	103.8	118	107.8	3.51	16.361	103.5	888.6	105.9	5.09	0.5475	103.9	1152.1	104.7	5.62	55.599991	107.3	188516	106	0.37	0.788	102.1
1076.9	114.3	5.33	106.2	86770	107.8	4.57	70.3	103.9	119.8	108.4	3.5	16.45	103.8	902.6	106.3	5.11	0.5521	104.1	1114.8	105	6.2	56	107.6	191029	102.4	0	0.7859	102
1080.3	114.6	5.16	106.4	84058	109.2	4.56	70.6	104	121	109.6	3.51	16.17	104	911.1	107.3	5.03	0.5415	104	1131.4	104.5	5.73	55	107.9	189815	101.6	0	0.7573	102.4
1081.3	115.1	4.98	106.6	86768	108.3	4.82	69.9	103.9	121.3	109.7	3.58	16.611	104.2	926.7	106.1	5	0.5572	104.1	1162.6	104.2	5.35	56.399994	108	189979	99.8	0	0.7559	102.6
1075.8	115.7	5.02	106.8	88313	107.9	4.75	68.6	104.3	122.5	110.3	3.54	16.722	104.2	921.8	106.5	5.03	0.5611	104.4	1183.9	106.6	5.17	56.899994	108.2	189691	96.9	0	0.7192	102.9
1077.6	114.9	5.1	107	88331	107.7	4.88	67.9	104.4	123.5	110	3.49	16.347	104.3	926.3	106.4	4.99	0.5529	104.5	1185.3	104.8	5.16	56.199997	108.3	190994	99.5	0	0.71	102.5
1075.5	114.7	5.08	107.1	88983	105.8	4.93	66.2	104.4	123.7	109.7	3.5	16.771	104	930.2	108.1	4.96	0.562	104.8	1180.6	105	4.74	57	108.3	192489	98.6	0	0.6959	101.9
1071	116.8	4.89	107.2	90114	109.4	4.88	63.6	104.4	124.2	109.5	3.5	16.854	104	939.5	106.7	4.94	0.5642	104.6	1153.1	103.3	4.72	57.199997	108.4	193884	98	0	0.7069	101.8
1076.2	116.7	4.36	107.4	91930	108.9	4.94	65.5	104.2	125.3	109.7	3.47	17.805	104	946.5	105.6	4.74	0.5967	104.4	1149.8	105	4.88	60.399994	108.4	194721	99.7	0	0.7394	102.6
1081	117.2	4.33	107.6	90887	108.8	4.74	64.8	104.6	126.2	109.7	3.43	18.053	104	955.4	106	4.08	0.6058	104.2	1171.4	104.1	4.65	61.199997	108.6	196660	98.5	0	0.8591	103.3
1090.8	116.9	4.54	107.6	91260	109.9	4.81	65.6	104.6	125.5	110.4	3.44	17.537	103.9	949.3	104.9	4.44	0.5875	104.2	1175.8	103.7	4.16	59.399994	108.7	198338	97.8	0	0.8087	103.2
1097	116.9	4.47	107.6	89769	110.8	4.83	65.3	104.3	122.6	109.4	3.07	17.787	104	969.6	105	4.42	0.5977	104.3	1221.3	100.9	3.18	60.5	108.8	198554	97.9	0	0.8651	102.8
